
;;;      0  1  2  3  4  5  6  7     8  9  A  B  C  D  E  F
0000    01 34 08 01 02 00 07 0B     01 C8 17 02 01 00 02 03     ;
0010    00 12 0B 0A 41 6D 75 6A     65 63 74 20 42 54 12 01     ;
0020    C5 14 01 07 03 05 00 19     17 01 60 1B 01 4C 1C 01     ;
0030    00 1E 01 05 24 0B 06 00     00 00 00 00 00 07 00 01     ;
0040    00 04 01 00 11 02 0F 02     0A 06 0B 09 41 6D 75 6A     ;
0050    65 63 74 20 42 54 05 02     00 07 0B 01 04 10 02 00     ;
0060    73 0B 01 00 03 0B 01 01     0D 01 00 06 01 04 3F 60     ;
0070    09 86 0E 01 00 C0 01 BE     00 00 00 1F 00 47 EB 1F     ;
0080    00 01 00 00 00 01 00 00     10 10 00 60 00 00 00 1F     ;
0090    00 23 EB 1F 00 01 00 00     00 01 00 00 10 10 00 60     ;
00A0    00 00 00 1F 00 0B EB 1F     00 01 00 00 00 01 00 00     ;
00B0    10 10 00 60 00 00 00 1F     00 0B EB 1F 00 01 00 00     ;
00C0    00 01 00 00 10 10 00 60     00 00 00 1F 00 05 EB 1F     ;

;;;      0  1  2  3  4  5  6  7     8  9  A  B  C  D  E  F
00D0    00 01 00 00 00 01 00 00     10 10 00 60 00 00 00 1F     ;
00E0    00 05 EB 1F 00 01 00 00     00 01 00 00 10 10 00 60     ;
00F0    12 03 E9 06 40 12 03 E9     06 40 11 03 F4 1E 40 12     ;
0100    03 E9 06 40 11 03 F4 1E     40 12 03 E9 06 40 00 00     ;
0110    00 1F 00 0B EB 1F 00 01     00 00 00 01 00 00 10 10     ;
0120    00 60 00 00 00 1F 00 0B     EB 1F 00 01 00 00 00 01     ;
0130    00 00 10 10 00 60     ;
